-229.95
-229.50
-225.75
-217.95
-207.00
-193.65
-179.10
-164.70
-151.80
-141.60
-134.85
-131.85
-132.90
-137.85
-146.25
-157.65
-170.85
-184.95
-198.15
-209.70
-218.40
-223.65
-225.15
-222.60
-216.45
-207.15
-195.45
-182.25
-169.05
-156.90
-146.85
-139.80
-136.35
-136.50
-140.40
-147.75
-157.65
-169.65
-182.40
-194.85
-205.65
-214.05
-219.45
-221.10
-219.30
-214.05
-205.80
-195.15
-183.15
-171.00
-159.60
-150.30
-143.55
-140.10
-140.10
-143.55
-150.00
-159.15
-170.10
-181.80
-193.20
-203.25
-211.05
-216.00
-217.65
-216.00
-211.05
-203.40
-193.50
-182.55
-171.30
-160.95
-152.40
-146.40
-143.25
-143.55
-146.85
-153.00
-161.55
-171.75
-182.55
-192.90
-202.05
-208.95
-213.30
-214.50
-212.55
-207.75
-200.40
-191.25
-181.05
-170.70
-161.25
-153.75
-148.50
-146.10
-146.70
-150.15
-156.30
-164.55
-174.00
-183.90
-193.35
-201.45
-207.60
-210.90
-211.50
-209.25
-204.30
-197.10
-188.40
-178.80
-169.50
-161.10
-154.50
-150.30
-148.65
-149.85
-153.75
-159.75
-167.70
-176.70
-185.85
-194.25
-201.30
-206.25
-208.80
-208.65
-205.80
-200.70
-193.65
-185.25
-176.55
-168.00
-160.80
-155.25
-151.95
-151.20
-153.15
-157.20
-163.50
-171.15
-179.40
-187.80
-195.15
-201.15
-205.05
-206.55
-205.65
-202.35
-196.95
-190.05
-182.10
-174.15
-166.65
-160.35
-156.00
-153.75
-153.90
-156.30
-160.95
-167.10
-174.45
-182.25
-189.60
-196.05
-200.85
-203.70
-204.30
-202.65
-198.75
-193.20
-186.45
-179.10
-171.75
-165.30
-160.20
-156.90
-155.70
-156.75
-159.75
-164.55
-170.70
-177.75
-184.80
-191.25
-196.65
-200.40
-202.05
-201.75
-199.35
-195.15
-189.60
-183.15
-176.25
-169.80
-164.40
-160.35
-158.10
-157.95
-159.60
-163.20
-168.15
-174.30
-180.75
-187.05
-192.60
-196.95
-199.50
-200.25
-199.05
-196.05
-191.55
-186.00
-179.85
-173.85
-168.30
-163.80
-160.95
-159.75
-160.35
-162.75
-166.65
-171.75
-177.45
-183.45
-188.85
-193.50
-196.65
-198.15
-198.00
-196.20
-192.75
-188.10
-182.70
-177.15
-171.75
-167.10
-163.80
-161.85
-161.70
-163.05
-165.90
-170.10
-175.05
-180.45
-185.55
-190.20
-193.80
-195.90
-196.50
-195.45
-193.05
-189.45
-184.80
-179.85
-174.75
-170.25
-166.65
-164.25
-163.35
-163.95
-165.90
-169.20
-173.40
-178.05
-182.85
-187.20
-190.95
-193.50
-194.70
-194.40
-192.75
-190.05
-186.15
-181.80
-177.30
-173.10
-169.35
-166.80
-165.30
-165.30
-166.50
-168.90
-172.35
-176.25
-180.60
-184.65
-188.25
-190.95
-192.60
-192.90
-192.00
-189.90
-186.90
-183.30
-179.40
-175.35
-171.90
-169.20
-167.40
-166.95
-167.55
-169.20
-171.75
-175.20
-178.80
-182.55
-185.85
-188.55
-190.50
-191.25
-190.80
-189.45
-187.20
-184.20
-180.75
-177.30
-174.15
-171.45
-169.65
-168.75
-168.75
-169.95
-171.90
-174.45
-177.60
-180.75
-183.90
-186.45
-188.25
-189.30
-189.45
-188.55
-186.90
-184.50
-181.80
-178.95
-176.10
-173.55
-171.75
-170.55
-170.40
-171.00
-172.35
-174.45
-176.85
-179.55
-182.10
-184.35
-186.30
-187.35
-187.65
-187.35
-186.15
-184.35
-182.25
-179.85
-177.60
-175.35
-173.70
-172.65
-172.20
-172.35
-173.25
-174.75
-176.55
-178.65
-180.75
-182.70
-184.35
-185.40
-185.85
-185.70
-185.10
-183.90
-182.25
-180.45
-178.65
-177.00
-175.50
-174.60
-174.00
-174.00
-174.60
-175.50
-176.85
-178.35
-179.85
-181.35
-182.55
-183.45
-183.90
-183.90
-183.60
-182.85
-181.80
-180.60
-179.40
-178.20
-177.15
-176.40
-176.10
-175.95
-176.25
-176.85
-177.60
-178.35
-179.40
-180.15
-181.05
-181.50
-181.95
-181.95
-181.80
-181.35
-180.90
-180.30
-179.70
-179.10
-178.65
-178.35
-178.20
-178.20
-178.35
-178.50
-178.80
-179.10
-179.40
-179.55
-179.70
-179.70
-179.70
-179.70
-179.55
-179.55













-147.45
-147.15
-146.70
-146.70
-148.80
-153.60
-160.80
-169.50
-179.10
-188.70
-197.25
-204.30
-208.80
-210.75
-209.85
-206.10
-200.10
-192.30
-183.30
-174.00
-165.30
-158.10
-152.85
-150.00
-149.85
-152.40
-157.50
-164.40
-172.65
-181.50
-190.20
-197.70
-203.55
-207.15
-208.05
-206.55
-202.50
-196.35
-188.85
-180.45
-172.05
-164.40
-158.10
-154.05
-152.25
-152.85
-156.00
-161.10
-168.00
-175.80
-184.05
-191.70
-198.15
-202.80
-205.35
-205.35
-203.25
-198.75
-192.75
-185.40
-177.60
-169.95
-163.35
-158.40
-155.25
-154.50
-155.85
-159.45
-164.85
-171.60
-178.95
-186.30
-193.05
-198.30
-201.90
-203.40
-202.65
-199.80
-195.15
-189.00
-182.10
-174.90
-168.30
-162.75
-158.85
-156.90
-156.90
-159.15
-163.05
-168.60
-175.05
-181.80
-188.40
-193.95
-198.30
-200.70
-201.15
-199.65
-196.35
-191.40
-185.40
-178.95
-172.65
-166.95
-162.45
-159.75
-158.70
-159.60
-162.45
-166.65
-172.20
-178.20
-184.35
-190.05
-194.55
-197.70
-199.20
-198.75
-196.50
-192.75
-187.80
-182.10
-176.25
-170.70
-166.05
-162.75
-160.95
-160.95
-162.60
-165.75
-170.25
-175.50
-181.05
-186.45
-191.10
-194.70
-196.80
-197.25
-196.05
-193.35
-189.30
-184.50
-179.25
-174.00
-169.35
-165.75
-163.35
-162.60
-163.35
-165.60
-169.05
-173.55
-178.50
-183.45
-187.95
-191.70
-194.25
-195.30
-195.00
-193.20
-190.05
-186.15
-181.50
-176.85
-172.35
-168.60
-165.90
-164.55
-164.55
-166.05
-168.60
-172.35
-176.55
-181.05
-185.25
-189.00
-191.70
-193.35
-193.50
-192.45
-190.20
-187.05
-183.15
-178.95
-174.90
-171.30
-168.45
-166.80
-166.20
-166.95
-168.75
-171.60
-175.20
-179.10
-183.00
-186.45
-189.30
-191.10
-191.85
-191.40
-189.90
-187.35
-184.20
-180.60
-177.00
-173.55
-170.85
-168.90
-168.00
-168.30
-169.50
-171.60
-174.45
-177.75
-181.05
-184.35
-187.05
-188.85
-189.90
-189.90
-189.00
-187.20
-184.65
-181.65
-178.65
-175.65
-173.10
-171.15
-169.95
-169.80
-170.55
-172.05
-174.15
-176.85
-179.70
-182.55
-184.95
-186.75
-187.95
-188.25
-187.80
-186.60
-184.65
-182.25
-179.70
-177.15
-174.90
-173.10
-171.90
-171.60
-171.90
-172.80
-174.45
-176.55
-178.80
-181.05
-183.15
-184.80
-186.00
-186.45
-186.30
-185.55
-184.20
-182.40
-180.45
-178.50
-176.55
-175.05
-173.85
-173.40
-173.40
-174.00
-175.20
-176.55
-178.35
-180.00
-181.65
-183.00
-184.05
-184.50
-184.65
-184.20
-183.30
-182.10
-180.75
-179.25
-177.90
-176.70
-175.80
-175.35
-175.35
-175.65
-176.25
-177.15
-178.35
-179.40
-180.45
-181.50
-182.10
-182.55
-182.70
-182.40
-181.95
-181.35
-180.45
-179.70
-178.95
-178.20
-177.75
-177.45
-177.30
-177.45
-177.90
-178.35
-178.80
-179.25
-179.70
-180.15
-180.30
-180.45
-180.45
-180.30
-180.15
-179.85
-179.70
-179.55
-179.40
-179.25
-179.25
-179.25
-179.25
-179.40
-179.40
-179.40
-179.40
-179.40
-179.40
-179.40
-179.40

